SCMBranch=EQEMulator
SCMRepository=EQEMulator/Source/Login
client.cpp;800169118;1;1073004406;
client.h;1182273618;1;1073004406;
EQCrypto.cpp;1591918850;1;1073004406;
EQCrypto.h;2457263193;1;1073004406;
Login.dsp;4206910453;1;1073004406;
Login.vcproj;93906560;1;1073004407;
logindatabase.cpp;1148441417;1;1073004407;
login_opcodes.h;141066438;1;1073004408;
login_structs.h;2918289699;1;1073004408;
LWorld.cpp;26034603;1;1073004410;
LWorld.h;474582396;1;1073004411;
makefile;3622943128;1;1073004411;
makefile.eqcrypto;571859016;1;1073004411;
makefile.minilogin;3337154374;1;1073004411;
net.cpp;883863517;1;1073004411;
net.h;3949065259;1;1073004412;
Protocol.txt;2404273402;1;1073004412;
Tables.txt;2641687385;1;1073004412;
ThanksTo.txt;1870111346;1;1073004412;
